0 114.05 135.92
1 105.05 120.34
2 114.05 104.75
3 96.05 104.75
4 96.05 135.92
5 78.05 135.92
6 87.05 120.34
7 78.05 104.75
8 150.05 73.57
9 141.05 57.98
10 150.05 42.39
11 132.05 42.39
12 132.05 73.57
13 114.05 73.57
14 123.05 57.98
15 114.05 42.39
16 141.05 26.81
17 132.05 11.22
18 141.05 -4.37
19 123.05 -4.37
20 123.05 26.81
21 105.05 26.81
22 114.05 11.22
23 105.05 -4.37
24 132.05 -19.96
25 123.05 -35.55
26 132.05 -51.14
27 114.05 -51.14
28 114.05 -19.96
29 96.05 -19.96
30 105.05 -35.55
31 96.05 -51.14
32 105.05 89.16
33 96.05 73.57
34 105.05 57.98
35 87.05 57.98
36 87.05 89.16
37 69.05 89.16
38 78.05 73.57
39 69.05 57.98
40 96.05 42.39
41 87.05 26.81
42 96.05 11.22
43 78.05 11.22
44 78.05 42.39
45 60.05 42.39
46 69.05 26.81
47 60.05 11.22
48 87.05 -4.37
49 78.05 -19.96
50 87.05 -35.55
51 69.05 -35.55
52 69.05 -4.37
53 51.05 -4.37
54 60.05 -19.96
55 51.05 -35.55
56 123.05 -66.73
57 114.05 -82.31
58 123.05 -97.9
59 105.05 -97.9
60 105.05 -66.73
61 87.05 -66.73
62 96.05 -82.31
63 87.05 -97.9
64 78.05 198.28
65 69.05 182.69
66 78.05 167.1
67 60.05 167.1
68 60.05 198.28
69 42.05 198.28
70 51.05 182.69
71 42.05 167.1
72 69.05 151.51
73 60.05 135.92
74 69.05 120.34
75 51.05 120.34
76 51.05 151.51
77 33.05 151.51
78 42.05 135.92
79 33.05 120.34
80 60.05 104.75
81 51.05 89.16
82 60.05 73.57
83 42.05 73.57
84 42.05 104.75
85 24.05 104.75
86 33.05 89.16
87 24.05 73.57
88 78.05 -51.14
89 69.05 -66.73
90 78.05 -82.31
91 60.05 -82.31
92 60.05 -51.14
93 42.05 -51.14
94 51.05 -66.73
95 42.05 -82.31
96 33.05 213.87
97 24.05 198.28
98 33.05 182.69
99 15.05 182.69
100 15.05 213.87
101 -2.95 213.87
102 6.05 198.28
103 -2.95 182.69
104 51.05 57.98
105 42.05 42.39
106 51.05 26.81
107 33.05 26.81
108 33.05 57.98
109 15.05 57.98
110 24.05 42.39
111 15.05 26.81
112 42.05 11.22
113 33.05 -4.37
114 42.05 -19.96
115 24.05 -19.96
116 24.05 11.22
117 6.05 11.22
118 15.05 -4.37
119 6.05 -19.96
120 33.05 -35.55
121 24.05 -51.14
122 33.05 -66.73
123 15.05 -66.73
124 15.05 -35.55
125 -2.95 -35.55
126 6.05 -51.14
127 -2.95 -66.73
128 24.05 167.1
129 15.05 151.51
130 24.05 135.92
131 6.05 135.92
132 6.05 167.1
133 -11.95 167.1
134 -2.95 151.51
135 -11.95 135.92
136 15.05 120.34
137 6.05 104.75
138 15.05 89.16
139 -2.95 89.16
140 -2.95 120.34
141 -20.95 120.34
142 -11.95 104.75
143 -20.95 89.16
144 6.05 73.57
145 -2.95 57.98
146 6.05 42.39
147 -11.95 42.39
148 -11.95 73.57
149 -29.95 73.57
150 -20.95 57.98
151 -29.95 42.39
152 -2.95 26.81
153 -11.95 11.22
154 -2.95 -4.37
155 -20.95 -4.37
156 -20.95 26.81
157 -38.95 26.81
158 -29.95 11.22
159 -38.95 -4.37
160 -11.95 229.46
161 -20.95 213.87
162 -11.95 198.28
163 -29.95 198.28
164 -29.95 229.46
165 -47.95 229.46
166 -38.95 213.87
167 -47.95 198.28
168 -20.95 182.69
169 -29.95 167.1
170 -20.95 151.51
171 -38.95 151.51
172 -38.95 182.69
173 -56.95 182.69
174 -47.95 167.1
175 -56.95 151.51
176 -29.95 135.92
177 -38.95 120.34
178 -29.95 104.75
179 -47.95 104.75
180 -47.95 135.92
181 -65.95 135.92
182 -56.95 120.34
183 -65.95 104.75
184 -11.95 -19.96
185 -20.95 -35.55
186 -11.95 -51.14
187 -29.95 -51.14
188 -29.95 -19.96
189 -47.95 -19.96
190 -38.95 -35.55
191 -47.95 -51.14
192 -56.95 245.04
193 -65.95 229.46
194 -56.95 213.87
195 -74.95 213.87
196 -74.95 245.04
197 -92.95 245.04
198 -83.95 229.46
199 -92.95 213.87
200 -38.95 89.16
201 -47.95 73.57
202 -38.95 57.98
203 -56.95 57.98
204 -56.95 89.16
205 -74.95 89.16
206 -65.95 73.57
207 -74.95 57.98
208 -47.95 42.39
209 -56.95 26.81
210 -47.95 11.22
211 -65.95 11.22
212 -65.95 42.39
213 -83.95 42.39
214 -74.95 26.81
215 -83.95 11.22
216 -56.95 -4.37
217 -65.95 -19.96
218 -56.95 -35.55
219 -74.95 -35.55
220 -74.95 -4.37
221 -92.95 -4.37
222 -83.95 -19.96
223 -92.95 -35.55
224 -65.95 198.28
225 -74.95 182.69
226 -65.95 167.1
227 -83.95 167.1
228 -83.95 198.28
229 -101.95 198.28
230 -92.95 182.69
231 -101.95 167.1
232 -74.95 151.51
233 -83.95 135.92
234 -74.95 120.34
235 -92.95 120.34
236 -92.95 151.51
237 -110.95 151.51
238 -101.95 135.92
239 -110.95 120.34
240 -83.95 104.75
241 -92.95 89.16
242 -83.95 73.57
243 -101.95 73.57
244 -101.95 104.75
245 -119.95 104.75
246 -110.95 89.16
247 -119.95 73.57
248 -92.95 57.98
249 -101.95 42.39
250 -92.95 26.81
251 -110.95 26.81
252 -110.95 57.98
253 -128.95 57.98
254 -119.95 42.39
255 -128.95 26.81
256 -101.95 260.63
257 -110.95 245.04
258 -101.95 229.46
259 -119.95 229.46
260 -119.95 260.63
261 -137.95 260.63
262 -128.95 245.04
263 -137.95 229.46
264 -110.95 213.87
265 -119.95 198.28
266 -110.95 182.69
267 -128.95 182.69
268 -128.95 213.87
269 -146.95 213.87
270 -137.95 198.28
271 -146.95 182.69
272 -119.95 167.1
273 -128.95 151.51
274 -119.95 135.92
275 -137.95 135.92
276 -137.95 167.1
277 -155.95 167.1
278 -146.95 151.51
279 -155.95 135.92
280 -101.95 11.22
281 -110.95 -4.37
282 -101.95 -19.96
283 -119.95 -19.96
284 -119.95 11.22
285 -137.95 11.22
286 -128.95 -4.37
287 -137.95 -19.96
288 -146.95 276.22
289 -155.95 260.63
290 -146.95 245.04
291 -164.95 245.04
292 -164.95 276.22
293 -182.95 276.22
294 -173.95 260.63
295 -182.95 245.04
296 -128.95 120.34
297 -137.95 104.75
298 -128.95 89.16
299 -146.95 89.16
300 -146.95 120.34
301 -164.95 120.34
302 -155.95 104.75
303 -164.95 89.16
304 -137.95 73.57
305 -146.95 57.98
306 -137.95 42.39
307 -155.95 42.39
308 -155.95 73.57
309 -173.95 73.57
310 -164.95 57.98
311 -173.95 42.39
312 -146.95 26.81
313 -155.95 11.22
314 -146.95 -4.37
315 -164.95 -4.37
316 -164.95 26.81
317 -182.95 26.81
318 -173.95 11.22
319 -182.95 -4.37
320 -155.95 229.46
321 -164.95 213.87
322 -155.95 198.28
323 -173.95 198.28
324 -173.95 229.46
325 -191.95 229.46
326 -182.95 213.87
327 -191.95 198.28
328 -164.95 182.69
329 -173.95 167.1
330 -164.95 151.51
331 -182.95 151.51
332 -182.95 182.69
333 -200.95 182.69
334 -191.95 167.1
335 -200.95 151.51
336 -173.95 135.92
337 -182.95 120.34
338 -173.95 104.75
339 -191.95 104.75
340 -191.95 135.92
341 -209.95 135.92
342 -200.95 120.34
343 -209.95 104.75
344 -182.95 89.16
345 -191.95 73.57
346 -182.95 57.98
347 -200.95 57.98
348 -200.95 89.16
349 -218.95 89.16
350 -209.95 73.57
351 -218.95 57.98
352 -200.95 245.04
353 -209.95 229.46
354 -200.95 213.87
355 -218.95 213.87
356 -218.95 245.04
357 -236.95 245.04
358 -227.95 229.46
359 -236.95 213.87
360 -209.95 198.28
361 -218.95 182.69
362 -209.95 167.1
363 -227.95 167.1
364 -227.95 198.28
365 -245.95 198.28
366 -236.95 182.69
367 -245.95 167.1
368 -218.95 151.51
369 -227.95 135.92
370 -218.95 120.34
371 -236.95 120.34
372 -236.95 151.51
373 -254.95 151.51
374 -245.95 135.92
375 -254.95 120.34
376 -191.95 42.39
377 -200.95 26.81
378 -191.95 11.22
379 -209.95 11.22
380 -209.95 42.39
381 -227.95 42.39
382 -218.95 26.81
383 -227.95 11.22
384 -245.95 260.63
385 -254.95 245.04
386 -245.95 229.46
387 -263.95 229.46
388 -263.95 260.63
389 -281.95 260.63
390 -272.95 245.04
391 -281.95 229.46
392 -254.95 213.87
393 -263.95 198.28
394 -254.95 182.69
395 -272.95 182.69
396 -272.95 213.87
397 -290.95 213.87
398 -281.95 198.28
399 -290.95 182.69
400 -227.95 104.75
401 -236.95 89.16
402 -227.95 73.57
403 -245.95 73.57
404 -245.95 104.75
405 -263.95 104.75
406 -254.95 89.16
407 -263.95 73.57
408 -236.95 57.98
409 -245.95 42.39
410 -236.95 26.81
411 -254.95 26.81
412 -254.95 57.98
413 -272.95 57.98
414 -263.95 42.39
415 -272.95 26.81
416 -299.95 229.46
417 -308.95 213.87
418 -299.95 198.28
419 -317.95 198.28
420 -317.95 229.46
421 -335.95 229.46
422 -326.95 213.87
423 -335.95 198.28
424 -263.95 167.1
425 -272.95 151.51
426 -263.95 135.92
427 -281.95 135.92
428 -281.95 167.1
429 -299.95 167.1
430 -290.95 151.51
431 -299.95 135.92
432 -272.95 120.34
433 -281.95 104.75
434 -272.95 89.16
435 -290.95 89.16
436 -290.95 120.34
437 -308.95 120.34
438 -299.95 104.75
439 -308.95 89.16
440 -281.95 73.57
441 -290.95 57.98
442 -281.95 42.39
443 -299.95 42.39
444 -299.95 73.57
445 -317.95 73.57
446 -308.95 57.98
447 -317.95 42.39
448 -308.95 182.69
449 -317.95 167.1
450 -308.95 151.51
451 -326.95 151.51
452 -326.95 182.69
453 -344.95 182.69
454 -335.95 167.1
455 -344.95 151.51
456 -362.95 151.51
457 -371.95 135.92
458 -362.95 120.34
459 -380.95 120.34
460 -380.95 151.51
461 -398.95 151.51
462 -389.95 135.92
463 -398.95 120.34
464 -317.95 135.92
465 -326.95 120.34
466 -317.95 104.75
467 -335.95 104.75
468 -335.95 135.92
469 -353.95 135.92
470 -344.95 120.34
471 -353.95 104.75
472 -326.95 89.16
473 -335.95 73.57
474 -326.95 57.98
475 -344.95 57.98
476 -344.95 89.16
477 -362.95 89.16
478 -353.95 73.57
479 -362.95 57.98
480 -371.95 104.75
481 -380.95 89.16
482 -371.95 73.57
483 -389.95 73.57
484 -389.95 104.75
485 -407.95 104.75
486 -398.95 89.16
487 -407.95 73.57
488 9852.05 9979.04
489 9852.05 9979.04
490 9852.05 9979.04
491 9852.05 9979.04
492 9852.05 9979.04
493 9852.05 9979.04
494 9852.05 9979.04
495 9852.05 9979.04
496 9852.05 9979.04
497 9852.05 9979.04
498 9852.05 9979.04
499 9852.05 9979.04
500 9852.05 9979.04
501 9852.05 9979.04
502 9852.05 9979.04
503 9852.05 9979.04
504 9852.05 9979.04
505 9852.05 9979.04
506 9852.05 9979.04
507 9852.05 9979.04
508 9852.05 9979.04
509 9852.05 9979.04
510 9852.05 9979.04
511 9852.05 9979.04
512 69.05 -97.9
513 60.05 -113.49
514 69.05 -129.08
515 51.05 -129.08
516 51.05 -97.9
517 33.05 -97.9
518 42.05 -113.49
519 33.05 -129.08
520 114.05 -113.49
521 105.05 -129.08
522 114.05 -144.67
523 96.05 -144.67
524 96.05 -113.49
525 78.05 -113.49
526 87.05 -129.08
527 78.05 -144.67
528 60.05 -144.67
529 51.05 -160.26
530 60.05 -175.84
531 42.05 -175.84
532 42.05 -144.67
533 24.05 -144.67
534 33.05 -160.26
535 24.05 -175.84
536 105.05 -160.26
537 96.05 -175.84
538 105.05 -191.43
539 87.05 -191.43
540 87.05 -160.26
541 69.05 -160.26
542 78.05 -175.84
543 69.05 -191.43
544 24.05 -82.31
545 15.05 -97.9
546 24.05 -113.49
547 6.05 -113.49
548 6.05 -82.31
549 -11.95 -82.31
550 -2.95 -97.9
551 -11.95 -113.49
552 15.05 -129.08
553 6.05 -144.67
554 15.05 -160.26
555 -2.95 -160.26
556 -2.95 -129.08
557 -20.95 -129.08
558 -11.95 -144.67
559 -20.95 -160.26
560 51.05 -191.43
561 42.05 -207.02
562 51.05 -222.61
563 33.05 -222.61
564 33.05 -191.43
565 15.05 -191.43
566 24.05 -207.02
567 15.05 -222.61
568 42.05 -238.2
569 33.05 -253.79
570 42.05 -269.38
571 24.05 -269.38
572 24.05 -238.2
573 6.05 -238.2
574 15.05 -253.79
575 6.05 -269.38
576 -20.95 -66.73
577 -29.95 -82.31
578 -20.95 -97.9
579 -38.95 -97.9
580 -38.95 -66.73
581 -56.95 -66.73
582 -47.95 -82.31
583 -56.95 -97.9
584 6.05 -175.84
585 -2.95 -191.43
586 6.05 -207.02
587 -11.95 -207.02
588 -11.95 -175.84
589 -29.95 -175.84
590 -20.95 -191.43
591 -29.95 -207.02
592 -2.95 -222.61
593 -11.95 -238.2
594 -2.95 -253.79
595 -20.95 -253.79
596 -20.95 -222.61
597 -38.95 -222.61
598 -29.95 -238.2
599 -38.95 -253.79
600 -11.95 -269.38
601 -20.95 -284.96
602 -11.95 -300.55
603 -29.95 -300.55
604 -29.95 -269.38
605 -47.95 -269.38
606 -38.95 -284.96
607 -47.95 -300.55
608 -29.95 -113.49
609 -38.95 -129.08
610 -29.95 -144.67
611 -47.95 -144.67
612 -47.95 -113.49
613 -65.95 -113.49
614 -56.95 -129.08
615 -65.95 -144.67
616 -38.95 -160.26
617 -47.95 -175.84
618 -38.95 -191.43
619 -56.95 -191.43
620 -56.95 -160.26
621 -74.95 -160.26
622 -65.95 -175.84
623 -74.95 -191.43
624 -47.95 -207.02
625 -56.95 -222.61
626 -47.95 -238.2
627 -65.95 -238.2
628 -65.95 -207.02
629 -83.95 -207.02
630 -74.95 -222.61
631 -83.95 -238.2
632 -56.95 -253.79
633 -65.95 -269.38
634 -56.95 -284.96
635 -74.95 -284.96
636 -74.95 -253.79
637 -92.95 -253.79
638 -83.95 -269.38
639 -92.95 -284.96
640 -65.95 -51.14
641 -74.95 -66.73
642 -65.95 -82.31
643 -83.95 -82.31
644 -83.95 -51.14
645 -101.95 -51.14
646 -92.95 -66.73
647 -101.95 -82.31
648 -74.95 -97.9
649 -83.95 -113.49
650 -74.95 -129.08
651 -92.95 -129.08
652 -92.95 -97.9
653 -110.95 -97.9
654 -101.95 -113.49
655 -110.95 -129.08
656 -83.95 -144.67
657 -92.95 -160.26
658 -83.95 -175.84
659 -101.95 -175.84
660 -101.95 -144.67
661 -119.95 -144.67
662 -110.95 -160.26
663 -119.95 -175.84
664 -92.95 -191.43
665 -101.95 -207.02
666 -92.95 -222.61
667 -110.95 -222.61
668 -110.95 -191.43
669 -128.95 -191.43
670 -119.95 -207.02
671 -128.95 -222.61
672 -110.95 -35.55
673 -119.95 -51.14
674 -110.95 -66.73
675 -128.95 -66.73
676 -128.95 -35.55
677 -146.95 -35.55
678 -137.95 -51.14
679 -146.95 -66.73
680 -119.95 -82.31
681 -128.95 -97.9
682 -119.95 -113.49
683 -137.95 -113.49
684 -137.95 -82.31
685 -155.95 -82.31
686 -146.95 -97.9
687 -155.95 -113.49
688 -101.95 -238.2
689 -110.95 -253.79
690 -101.95 -269.38
691 -119.95 -269.38
692 -119.95 -238.2
693 -137.95 -238.2
694 -128.95 -253.79
695 -137.95 -269.38
696 -110.95 -284.96
697 -119.95 -300.55
698 -110.95 -316.14
699 -128.95 -316.14
700 -128.95 -284.96
701 -146.95 -284.96
702 -137.95 -300.55
703 -146.95 -316.14
704 -128.95 -129.08
705 -137.95 -144.67
706 -128.95 -160.26
707 -146.95 -160.26
708 -146.95 -129.08
709 -164.95 -129.08
710 -155.95 -144.67
711 -164.95 -160.26
712 -137.95 -175.84
713 -146.95 -191.43
714 -137.95 -207.02
715 -155.95 -207.02
716 -155.95 -175.84
717 -173.95 -175.84
718 -164.95 -191.43
719 -173.95 -207.02
720 -146.95 -222.61
721 -155.95 -238.2
722 -146.95 -253.79
723 -164.95 -253.79
724 -164.95 -222.61
725 -182.95 -222.61
726 -173.95 -238.2
727 -182.95 -253.79
728 -155.95 -269.38
729 -164.95 -284.96
730 -155.95 -300.55
731 -173.95 -300.55
732 -173.95 -269.38
733 -191.95 -269.38
734 -182.95 -284.96
735 -191.95 -300.55
736 -155.95 -19.96
737 -164.95 -35.55
738 -155.95 -51.14
739 -173.95 -51.14
740 -173.95 -19.96
741 -191.95 -19.96
742 -182.95 -35.55
743 -191.95 -51.14
744 -164.95 -66.73
745 -173.95 -82.31
746 -164.95 -97.9
747 -182.95 -97.9
748 -182.95 -66.73
749 -200.95 -66.73
750 -191.95 -82.31
751 -200.95 -97.9
752 -173.95 -113.49
753 -182.95 -129.08
754 -173.95 -144.67
755 -191.95 -144.67
756 -191.95 -113.49
757 -209.95 -113.49
758 -200.95 -129.08
759 -209.95 -144.67
760 -182.95 -160.26
761 -191.95 -175.84
762 -182.95 -191.43
763 -200.95 -191.43
764 -200.95 -160.26
765 -218.95 -160.26
766 -209.95 -175.84
767 -218.95 -191.43
768 -200.95 -4.37
769 -209.95 -19.96
770 -200.95 -35.55
771 -218.95 -35.55
772 -218.95 -4.37
773 -236.95 -4.37
774 -227.95 -19.96
775 -236.95 -35.55
776 -209.95 -51.14
777 -218.95 -66.73
778 -209.95 -82.31
779 -227.95 -82.31
780 -227.95 -51.14
781 -245.95 -51.14
782 -236.95 -66.73
783 -245.95 -82.31
784 -191.95 -207.02
785 -200.95 -222.61
786 -191.95 -238.2
787 -209.95 -238.2
788 -209.95 -207.02
789 -227.95 -207.02
790 -218.95 -222.61
791 -227.95 -238.2
792 -200.95 -253.79
793 -209.95 -269.38
794 -200.95 -284.96
795 -218.95 -284.96
796 -218.95 -253.79
797 -236.95 -253.79
798 -227.95 -269.38
799 -236.95 -284.96
800 -218.95 -97.9
801 -227.95 -113.49
802 -218.95 -129.08
803 -236.95 -129.08
804 -236.95 -97.9
805 -254.95 -97.9
806 -245.95 -113.49
807 -254.95 -129.08
808 -227.95 -144.67
809 -236.95 -160.26
810 -227.95 -175.84
811 -245.95 -175.84
812 -245.95 -144.67
813 -263.95 -144.67
814 -254.95 -160.26
815 -263.95 -175.84
816 -236.95 -191.43
817 -245.95 -207.02
818 -236.95 -222.61
819 -254.95 -222.61
820 -254.95 -191.43
821 -272.95 -191.43
822 -263.95 -207.02
823 -272.95 -222.61
824 -245.95 -238.2
825 -254.95 -253.79
826 -245.95 -269.38
827 -263.95 -269.38
828 -263.95 -238.2
829 -281.95 -238.2
830 -272.95 -253.79
831 -281.95 -269.38
832 -245.95 11.22
833 -254.95 -4.37
834 -245.95 -19.96
835 -263.95 -19.96
836 -263.95 11.22
837 -281.95 11.22
838 -272.95 -4.37
839 -281.95 -19.96
840 -254.95 -35.55
841 -263.95 -51.14
842 -254.95 -66.73
843 -272.95 -66.73
844 -272.95 -35.55
845 -290.95 -35.55
846 -281.95 -51.14
847 -290.95 -66.73
848 -263.95 -82.31
849 -272.95 -97.9
850 -263.95 -113.49
851 -281.95 -113.49
852 -281.95 -82.31
853 -299.95 -82.31
854 -290.95 -97.9
855 -299.95 -113.49
856 -272.95 -129.08
857 -281.95 -144.67
858 -272.95 -160.26
859 -290.95 -160.26
860 -290.95 -129.08
861 -308.95 -129.08
862 -299.95 -144.67
863 -308.95 -160.26
864 -290.95 26.81
865 -299.95 11.22
866 -290.95 -4.37
867 -308.95 -4.37
868 -308.95 26.81
869 -326.95 26.81
870 -317.95 11.22
871 -326.95 -4.37
872 -299.95 -19.96
873 -308.95 -35.55
874 -299.95 -51.14
875 -317.95 -51.14
876 -317.95 -19.96
877 -335.95 -19.96
878 -326.95 -35.55
879 -335.95 -51.14
880 -281.95 -175.84
881 -290.95 -191.43
882 -281.95 -207.02
883 -299.95 -207.02
884 -299.95 -175.84
885 -317.95 -175.84
886 -308.95 -191.43
887 -317.95 -207.02
888 -290.95 -222.61
889 -299.95 -238.2
890 -290.95 -253.79
891 -308.95 -253.79
892 -308.95 -222.61
893 -326.95 -222.61
894 -317.95 -238.2
895 -326.95 -253.79
896 -308.95 -66.73
897 -317.95 -82.31
898 -308.95 -97.9
899 -326.95 -97.9
900 -326.95 -66.73
901 -344.95 -66.73
902 -335.95 -82.31
903 -344.95 -97.9
904 -317.95 -113.49
905 -326.95 -129.08
906 -317.95 -144.67
907 -335.95 -144.67
908 -335.95 -113.49
909 -353.95 -113.49
910 -344.95 -129.08
911 -353.95 -144.67
912 -326.95 -160.26
913 -335.95 -175.84
914 -326.95 -191.43
915 -344.95 -191.43
916 -344.95 -160.26
917 -362.95 -160.26
918 -353.95 -175.84
919 -362.95 -191.43
920 -335.95 -207.02
921 -344.95 -222.61
922 -335.95 -238.2
923 -353.95 -238.2
924 -353.95 -207.02
925 -371.95 -207.02
926 -362.95 -222.61
927 -371.95 -238.2
928 -335.95 42.39
929 -344.95 26.81
930 -335.95 11.22
931 -353.95 11.22
932 -353.95 42.39
933 -371.95 42.39
934 -362.95 26.81
935 -371.95 11.22
936 -344.95 -4.37
937 -353.95 -19.96
938 -344.95 -35.55
939 -362.95 -35.55
940 -362.95 -4.37
941 -380.95 -4.37
942 -371.95 -19.96
943 -380.95 -35.55
944 -353.95 -51.14
945 -362.95 -66.73
946 -353.95 -82.31
947 -371.95 -82.31
948 -371.95 -51.14
949 -389.95 -51.14
950 -380.95 -66.73
951 -389.95 -82.31
952 -362.95 -97.9
953 -371.95 -113.49
954 -362.95 -129.08
955 -380.95 -129.08
956 -380.95 -97.9
957 -398.95 -97.9
958 -389.95 -113.49
959 -398.95 -129.08
960 -380.95 57.98
961 -389.95 42.39
962 -380.95 26.81
963 -398.95 26.81
964 -398.95 57.98
965 -416.95 57.98
966 -407.95 42.39
967 -416.95 26.81
968 -389.95 11.22
969 -398.95 -4.37
970 -389.95 -19.96
971 -407.95 -19.96
972 -407.95 11.22
973 -425.95 11.22
974 -416.95 -4.37
975 -425.95 -19.96
976 -398.95 -35.55
977 -407.95 -51.14
978 -398.95 -66.73
979 -416.95 -66.73
980 -416.95 -35.55
981 -434.95 -35.55
982 -425.95 -51.14
983 -434.95 -66.73
984 -371.95 -144.67
985 -380.95 -160.26
986 -371.95 -175.84
987 -389.95 -175.84
988 -389.95 -144.67
989 -407.95 -144.67
990 -398.95 -160.26
991 -407.95 -175.84
992 -407.95 -82.31
993 -416.95 -97.9
994 -407.95 -113.49
995 -425.95 -113.49
996 -425.95 -82.31
997 -443.95 -82.31
998 -434.95 -97.9
999 -443.95 -113.49
1000 9852.05 9979.04
1001 9852.05 9979.04
1002 9852.05 9979.04
1003 9852.05 9979.04
1004 9852.05 9979.04
1005 9852.05 9979.04
1006 9852.05 9979.04
1007 9852.05 9979.04
1008 9852.05 9979.04
1009 9852.05 9979.04
1010 9852.05 9979.04
1011 9852.05 9979.04
1012 9852.05 9979.04
1013 9852.05 9979.04
1014 9852.05 9979.04
1015 9852.05 9979.04
1016 9852.05 9979.04
1017 9852.05 9979.04
1018 9852.05 9979.04
1019 9852.05 9979.04
1020 9852.05 9979.04
1021 9852.05 9979.04
1022 9852.05 9979.04
1023 9852.05 9979.04
1024 64.02 146.44
1025 55.02 130.86
1026 64.02 115.27
1027 46.02 115.27
1028 46.02 146.44
1029 28.02 146.44
1030 37.02 130.86
1031 28.02 115.27
1032 100.02 84.09
1033 91.02 68.5
1034 100.02 52.91
1035 82.02 52.91
1036 82.02 84.09
1037 64.02 84.09
1038 73.02 68.5
1039 64.02 52.91
1040 91.02 37.33
1041 82.02 21.74
1042 91.02 6.15
1043 73.02 6.15
1044 73.02 37.33
1045 55.02 37.33
1046 64.02 21.74
1047 55.02 6.15
1048 82.02 -9.44
1049 73.02 -25.03
1050 82.02 -40.62
1051 64.02 -40.62
1052 64.02 -9.44
1053 46.02 -9.44
1054 55.02 -25.03
1055 46.02 -40.62
1056 55.02 99.68
1057 46.02 84.09
1058 55.02 68.5
1059 37.02 68.5
1060 37.02 99.68
1061 19.02 99.68
1062 28.02 84.09
1063 19.02 68.5
1064 46.02 52.91
1065 37.02 37.33
1066 46.02 21.74
1067 28.02 21.74
1068 28.02 52.91
1069 10.02 52.91
1070 19.02 37.33
1071 10.02 21.74
1072 37.02 6.15
1073 28.02 -9.44
1074 37.02 -25.03
1075 19.02 -25.03
1076 19.02 6.15
1077 1.02 6.15
1078 10.02 -9.44
1079 1.02 -25.03
1080 73.02 -56.21
1081 64.02 -71.79
1082 73.02 -87.38
1083 55.02 -87.38
1084 55.02 -56.21
1085 37.02 -56.21
1086 46.02 -71.79
1087 37.02 -87.38
1088 28.02 208.8
1089 19.02 193.21
1090 28.02 177.62
1091 10.02 177.62
1092 10.02 208.8
1093 -7.98 208.8
1094 1.02 193.21
1095 -7.98 177.62
1096 19.02 162.03
1097 10.02 146.44
1098 19.02 130.86
1099 1.02 130.86
1100 1.02 162.03
1101 -16.98 162.03
1102 -7.98 146.44
1103 -16.98 130.86
1104 10.02 115.27
1105 1.02 99.68
1106 10.02 84.09
1107 -7.98 84.09
1108 -7.98 115.27
1109 -25.98 115.27
1110 -16.98 99.68
1111 -25.98 84.09
1112 28.02 -40.62
1113 19.02 -56.21
1114 28.02 -71.79
1115 10.02 -71.79
1116 10.02 -40.62
1117 -7.98 -40.62
1118 1.02 -56.21
1119 -7.98 -71.79
1120 -16.98 224.39
1121 -25.98 208.8
1122 -16.98 193.21
1123 -34.98 193.21
1124 -34.98 224.39
1125 -52.98 224.39
1126 -43.98 208.8
1127 -52.98 193.21
1128 1.02 68.5
1129 -7.98 52.91
1130 1.02 37.33
1131 -16.98 37.33
1132 -16.98 68.5
1133 -34.98 68.5
1134 -25.98 52.91
1135 -34.98 37.33
1136 -7.98 21.74
1137 -16.98 6.15
1138 -7.98 -9.44
1139 -25.98 -9.44
1140 -25.98 21.74
1141 -43.98 21.74
1142 -34.98 6.15
1143 -43.98 -9.44
1144 -16.98 -25.03
1145 -25.98 -40.62
1146 -16.98 -56.21
1147 -34.98 -56.21
1148 -34.98 -25.03
1149 -52.98 -25.03
1150 -43.98 -40.62
1151 -52.98 -56.21
1152 -25.98 177.62
1153 -34.98 162.03
1154 -25.98 146.44
1155 -43.98 146.44
1156 -43.98 177.62
1157 -61.98 177.62
1158 -52.98 162.03
1159 -61.98 146.44
1160 -34.98 130.86
1161 -43.98 115.27
1162 -34.98 99.68
1163 -52.98 99.68
1164 -52.98 130.86
1165 -70.98 130.86
1166 -61.98 115.27
1167 -70.98 99.68
1168 -43.98 84.09
1169 -52.98 68.5
1170 -43.98 52.91
1171 -61.98 52.91
1172 -61.98 84.09
1173 -79.98 84.09
1174 -70.98 68.5
1175 -79.98 52.91
1176 -52.98 37.33
1177 -61.98 21.74
1178 -52.98 6.15
1179 -70.98 6.15
1180 -70.98 37.33
1181 -88.98 37.33
1182 -79.98 21.74
1183 -88.98 6.15
1184 -61.98 239.98
1185 -70.98 224.39
1186 -61.98 208.8
1187 -79.98 208.8
1188 -79.98 239.98
1189 -97.98 239.98
1190 -88.98 224.39
1191 -97.98 208.8
1192 -70.98 193.21
1193 -79.98 177.62
1194 -70.98 162.03
1195 -88.98 162.03
1196 -88.98 193.21
1197 -106.98 193.21
1198 -97.98 177.62
1199 -106.98 162.03
1200 -79.98 146.44
1201 -88.98 130.86
1202 -79.98 115.27
1203 -97.98 115.27
1204 -97.98 146.44
1205 -115.98 146.44
1206 -106.98 130.86
1207 -115.98 115.27
1208 -61.98 -9.44
1209 -70.98 -25.03
1210 -61.98 -40.62
1211 -79.98 -40.62
1212 -79.98 -9.44
1213 -97.98 -9.44
1214 -88.98 -25.03
1215 -97.98 -40.62
1216 -106.98 255.56
1217 -115.98 239.98
1218 -106.98 224.39
1219 -124.98 224.39
1220 -124.98 255.56
1221 -142.98 255.56
1222 -133.98 239.98
1223 -142.98 224.39
1224 -88.98 99.68
1225 -97.98 84.09
1226 -88.98 68.5
1227 -106.98 68.5
1228 -106.98 99.68
1229 -124.98 99.68
1230 -115.98 84.09
1231 -124.98 68.5
1232 -97.98 52.91
1233 -106.98 37.33
1234 -97.98 21.74
1235 -115.98 21.74
1236 -115.98 52.91
1237 -133.98 52.91
1238 -124.98 37.33
1239 -133.98 21.74
1240 -106.98 6.15
1241 -115.98 -9.44
1242 -106.98 -25.03
1243 -124.98 -25.03
1244 -124.98 6.15
1245 -142.98 6.15
1246 -133.98 -9.44
1247 -142.98 -25.03
1248 -115.98 208.8
1249 -124.98 193.21
1250 -115.98 177.62
1251 -133.98 177.62
1252 -133.98 208.8
1253 -151.98 208.8
1254 -142.98 193.21
1255 -151.98 177.62
1256 -124.98 162.03
1257 -133.98 146.44
1258 -124.98 130.86
1259 -142.98 130.86
1260 -142.98 162.03
1261 -160.98 162.03
1262 -151.98 146.44
1263 -160.98 130.86
1264 -133.98 115.27
1265 -142.98 99.68
1266 -133.98 84.09
1267 -151.98 84.09
1268 -151.98 115.27
1269 -169.98 115.27
1270 -160.98 99.68
1271 -169.98 84.09
1272 -142.98 68.5
1273 -151.98 52.91
1274 -142.98 37.33
1275 -160.98 37.33
1276 -160.98 68.5
1277 -178.98 68.5
1278 -169.98 52.91
1279 -178.98 37.33
1280 -151.98 271.15
1281 -160.98 255.56
1282 -151.98 239.98
1283 -169.98 239.98
1284 -169.98 271.15
1285 -187.98 271.15
1286 -178.98 255.56
1287 -187.98 239.98
1288 -160.98 224.39
1289 -169.98 208.8
1290 -160.98 193.21
1291 -178.98 193.21
1292 -178.98 224.39
1293 -196.98 224.39
1294 -187.98 208.8
1295 -196.98 193.21
1296 -169.98 177.62
1297 -178.98 162.03
1298 -169.98 146.44
1299 -187.98 146.44
1300 -187.98 177.62
1301 -205.98 177.62
1302 -196.98 162.03
1303 -205.98 146.44
1304 -151.98 21.74
1305 -160.98 6.15
1306 -151.98 -9.44
1307 -169.98 -9.44
1308 -169.98 21.74
1309 -187.98 21.74
1310 -178.98 6.15
1311 -187.98 -9.44
1312 -196.98 286.74
1313 -205.98 271.15
1314 -196.98 255.56
1315 -214.98 255.56
1316 -214.98 286.74
1317 -232.98 286.74
1318 -223.98 271.15
1319 -232.98 255.56
1320 -178.98 130.86
1321 -187.98 115.27
1322 -178.98 99.68
1323 -196.98 99.68
1324 -196.98 130.86
1325 -214.98 130.86
1326 -205.98 115.27
1327 -214.98 99.68
1328 -187.98 84.09
1329 -196.98 68.5
1330 -187.98 52.91
1331 -205.98 52.91
1332 -205.98 84.09
1333 -223.98 84.09
1334 -214.98 68.5
1335 -223.98 52.91
1336 -196.98 37.33
1337 -205.98 21.74
1338 -196.98 6.15
1339 -214.98 6.15
1340 -214.98 37.33
1341 -232.98 37.33
1342 -223.98 21.74
1343 -232.98 6.15
1344 -205.98 239.98
1345 -214.98 224.39
1346 -205.98 208.8
1347 -223.98 208.8
1348 -223.98 239.98
1349 -241.98 239.98
1350 -232.98 224.39
1351 -241.98 208.8
1352 -214.98 193.21
1353 -223.98 177.62
1354 -214.98 162.03
1355 -232.98 162.03
1356 -232.98 193.21
1357 -250.98 193.21
1358 -241.98 177.62
1359 -250.98 162.03
1360 -223.98 146.44
1361 -232.98 130.86
1362 -223.98 115.27
1363 -241.98 115.27
1364 -241.98 146.44
1365 -259.98 146.44
1366 -250.98 130.86
1367 -259.98 115.27
1368 -232.98 99.68
1369 -241.98 84.09
1370 -232.98 68.5
1371 -250.98 68.5
1372 -250.98 99.68
1373 -268.98 99.68
1374 -259.98 84.09
1375 -268.98 68.5
1376 -250.98 255.56
1377 -259.98 239.98
1378 -250.98 224.39
1379 -268.98 224.39
1380 -268.98 255.56
1381 -286.98 255.56
1382 -277.98 239.98
1383 -286.98 224.39
1384 -259.98 208.8
1385 -268.98 193.21
1386 -259.98 177.62
1387 -277.98 177.62
1388 -277.98 208.8
1389 -295.98 208.8
1390 -286.98 193.21
1391 -295.98 177.62
1392 -268.98 162.03
1393 -277.98 146.44
1394 -268.98 130.86
1395 -286.98 130.86
1396 -286.98 162.03
1397 -304.98 162.03
1398 -295.98 146.44
1399 -304.98 130.86
1400 -241.98 52.91
1401 -250.98 37.33
1402 -241.98 21.74
1403 -259.98 21.74
1404 -259.98 52.91
1405 -277.98 52.91
1406 -268.98 37.33
1407 -277.98 21.74
1408 -295.98 271.15
1409 -304.98 255.56
1410 -295.98 239.98
1411 -313.98 239.98
1412 -313.98 271.15
1413 -331.98 271.15
1414 -322.98 255.56
1415 -331.98 239.98
1416 -304.98 224.39
1417 -313.98 208.8
1418 -304.98 193.21
1419 -322.98 193.21
1420 -322.98 224.39
1421 -340.98 224.39
1422 -331.98 208.8
1423 -340.98 193.21
1424 -277.98 115.27
1425 -286.98 99.68
1426 -277.98 84.09
1427 -295.98 84.09
1428 -295.98 115.27
1429 -313.98 115.27
1430 -304.98 99.68
1431 -313.98 84.09
1432 -286.98 68.5
1433 -295.98 52.91
1434 -286.98 37.33
1435 -304.98 37.33
1436 -304.98 68.5
1437 -322.98 68.5
1438 -313.98 52.91
1439 -322.98 37.33
1440 -349.98 239.98
1441 -358.98 224.39
1442 -349.98 208.8
1443 -367.98 208.8
1444 -367.98 239.98
1445 -385.98 239.98
1446 -376.98 224.39
1447 -385.98 208.8
1448 -313.98 177.62
1449 -322.98 162.03
1450 -313.98 146.44
1451 -331.98 146.44
1452 -331.98 177.62
1453 -349.98 177.62
1454 -340.98 162.03
1455 -349.98 146.44
1456 -322.98 130.86
1457 -331.98 115.27
1458 -322.98 99.68
1459 -340.98 99.68
1460 -340.98 130.86
1461 -358.98 130.86
1462 -349.98 115.27
1463 -358.98 99.68
1464 -331.98 84.09
1465 -340.98 68.5
1466 -331.98 52.91
1467 -349.98 52.91
1468 -349.98 84.09
1469 -367.98 84.09
1470 -358.98 68.5
1471 -367.98 52.91
1472 -358.98 193.21
1473 -367.98 177.62
1474 -358.98 162.03
1475 -376.98 162.03
1476 -376.98 193.21
1477 -394.98 193.21
1478 -385.98 177.62
1479 -394.98 162.03
1480 -412.98 162.03
1481 -421.98 146.44
1482 -412.98 130.86
1483 -430.98 130.86
1484 -430.98 162.03
1485 -448.98 162.03
1486 -439.98 146.44
1487 -448.98 130.86
1488 -367.98 146.44
1489 -376.98 130.86
1490 -367.98 115.27
1491 -385.98 115.27
1492 -385.98 146.44
1493 -403.98 146.44
1494 -394.98 130.86
1495 -403.98 115.27
1496 -376.98 99.68
1497 -385.98 84.09
1498 -376.98 68.5
1499 -394.98 68.5
1500 -394.98 99.68
1501 -412.98 99.68
1502 -403.98 84.09
1503 -412.98 68.5
1504 -421.98 115.27
1505 -430.98 99.68
1506 -421.98 84.09
1507 -439.98 84.09
1508 -439.98 115.27
1509 -457.98 115.27
1510 -448.98 99.68
1511 -457.98 84.09
1512 9802.02 9989.56
1513 9802.02 9989.56
1514 9802.02 9989.56
1515 9802.02 9989.56
1516 9802.02 9989.56
1517 9802.02 9989.56
1518 9802.02 9989.56
1519 9802.02 9989.56
1520 9802.02 9989.56
1521 9802.02 9989.56
1522 9802.02 9989.56
1523 9802.02 9989.56
1524 9802.02 9989.56
1525 9802.02 9989.56
1526 9802.02 9989.56
1527 9802.02 9989.56
1528 9802.02 9989.56
1529 9802.02 9989.56
1530 9802.02 9989.56
1531 9802.02 9989.56
1532 9802.02 9989.56
1533 9802.02 9989.56
1534 9802.02 9989.56
1535 9802.02 9989.56
1536 19.02 -87.38
1537 10.02 -102.97
1538 19.02 -118.56
1539 1.02 -118.56
1540 1.02 -87.38
1541 -16.98 -87.38
1542 -7.98 -102.97
1543 -16.98 -118.56
1544 64.02 -102.97
1545 55.02 -118.56
1546 64.02 -134.15
1547 46.02 -134.15
1548 46.02 -102.97
1549 28.02 -102.97
1550 37.02 -118.56
1551 28.02 -134.15
1552 10.02 -134.15
1553 1.02 -149.74
1554 10.02 -165.32
1555 -7.98 -165.32
1556 -7.98 -134.15
1557 -25.98 -134.15
1558 -16.98 -149.74
1559 -25.98 -165.32
1560 55.02 -149.74
1561 46.02 -165.32
1562 55.02 -180.91
1563 37.02 -180.91
1564 37.02 -149.74
1565 19.02 -149.74
1566 28.02 -165.32
1567 19.02 -180.91
1568 -25.98 -71.79
1569 -34.98 -87.38
1570 -25.98 -102.97
1571 -43.98 -102.97
1572 -43.98 -71.79
1573 -61.98 -71.79
1574 -52.98 -87.38
1575 -61.98 -102.97
1576 -34.98 -118.56
1577 -43.98 -134.15
1578 -34.98 -149.74
1579 -52.98 -149.74
1580 -52.98 -118.56
1581 -70.98 -118.56
1582 -61.98 -134.15
1583 -70.98 -149.74
1584 1.02 -180.91
1585 -7.98 -196.5
1586 1.02 -212.09
1587 -16.98 -212.09
1588 -16.98 -180.91
1589 -34.98 -180.91
1590 -25.98 -196.5
1591 -34.98 -212.09
1592 -7.98 -227.68
1593 -16.98 -243.27
1594 -7.98 -258.86
1595 -25.98 -258.86
1596 -25.98 -227.68
1597 -43.98 -227.68
1598 -34.98 -243.27
1599 -43.98 -258.86
1600 -70.98 -56.21
1601 -79.98 -71.79
1602 -70.98 -87.38
1603 -88.98 -87.38
1604 -88.98 -56.21
1605 -106.98 -56.21
1606 -97.98 -71.79
1607 -106.98 -87.38
1608 -43.98 -165.32
1609 -52.98 -180.91
1610 -43.98 -196.5
1611 -61.98 -196.5
1612 -61.98 -165.32
1613 -79.98 -165.32
1614 -70.98 -180.91
1615 -79.98 -196.5
1616 -52.98 -212.09
1617 -61.98 -227.68
1618 -52.98 -243.27
1619 -70.98 -243.27
1620 -70.98 -212.09
1621 -88.98 -212.09
1622 -79.98 -227.68
1623 -88.98 -243.27
1624 -61.98 -258.86
1625 -70.98 -274.44
1626 -61.98 -290.03
1627 -79.98 -290.03
1628 -79.98 -258.86
1629 -97.98 -258.86
1630 -88.98 -274.44
1631 -97.98 -290.03
1632 9802.02 9989.56
1633 -88.98 -118.56
1634 -79.98 -134.15
1635 -97.98 -134.15
1636 -97.98 -102.97
1637 -115.98 -102.97
1638 -106.98 -118.56
1639 -115.98 -134.15
1640 -88.98 -149.74
1641 -97.98 -165.32
1642 -88.98 -180.91
1643 -106.98 -180.91
1644 -106.98 -149.74
1645 -124.98 -149.74
1646 -115.98 -165.32
1647 -124.98 -180.91
1648 -97.98 -196.5
1649 -106.98 -212.09
1650 -97.98 -227.68
1651 -115.98 -227.68
1652 -115.98 -196.5
1653 -133.98 -196.5
1654 -124.98 -212.09
1655 -133.98 -227.68
1656 -106.98 -243.27
1657 -115.98 -258.86
1658 -106.98 -274.44
1659 -124.98 -274.44
1660 -124.98 -243.27
1661 -142.98 -243.27
1662 -133.98 -258.86
1663 -142.98 -274.44
1664 -115.98 -40.62
1665 -124.98 -56.21
1666 -115.98 -71.79
1667 -133.98 -71.79
1668 -133.98 -40.62
1669 -151.98 -40.62
1670 -142.98 -56.21
1671 -151.98 -71.79
1672 -124.98 -87.38
1673 -133.98 -102.97
1674 -124.98 -118.56
1675 -142.98 -118.56
1676 -142.98 -87.38
1677 -160.98 -87.38
1678 -151.98 -102.97
1679 -160.98 -118.56
1680 -133.98 -134.15
1681 -142.98 -149.74
1682 -133.98 -165.32
1683 -151.98 -165.32
1684 -151.98 -134.15
1685 -169.98 -134.15
1686 -160.98 -149.74
1687 -169.98 -165.32
1688 -142.98 -180.91
1689 -151.98 -196.5
1690 -142.98 -212.09
1691 -160.98 -212.09
1692 -160.98 -180.91
1693 -178.98 -180.91
1694 -169.98 -196.5
1695 -178.98 -212.09
1696 -160.98 -25.03
1697 -169.98 -40.62
1698 -160.98 -56.21
1699 -178.98 -56.21
1700 -178.98 -25.03
1701 -196.98 -25.03
1702 -187.98 -40.62
1703 -196.98 -56.21
1704 -169.98 -71.79
1705 -178.98 -87.38
1706 -169.98 -102.97
1707 -187.98 -102.97
1708 -187.98 -71.79
1709 -205.98 -71.79
1710 -196.98 -87.38
1711 -205.98 -102.97
1712 -151.98 -227.68
1713 -160.98 -243.27
1714 -151.98 -258.86
1715 -169.98 -258.86
1716 -169.98 -227.68
1717 -187.98 -227.68
1718 -178.98 -243.27
1719 -187.98 -258.86
1720 -160.98 -274.44
1721 -169.98 -290.03
1722 -160.98 -305.62
1723 -178.98 -305.62
1724 -178.98 -274.44
1725 -196.98 -274.44
1726 -187.98 -290.03
1727 -196.98 -305.62
1728 -178.98 -118.56
1729 -187.98 -134.15
1730 -178.98 -149.74
1731 -196.98 -149.74
1732 -196.98 -118.56
1733 -214.98 -118.56
1734 -205.98 -134.15
1735 -214.98 -149.74
1736 -187.98 -165.32
1737 -196.98 -180.91
1738 -187.98 -196.5
1739 -205.98 -196.5
1740 -205.98 -165.32
1741 -223.98 -165.32
1742 -214.98 -180.91
1743 -223.98 -196.5
1744 -196.98 -212.09
1745 -205.98 -227.68
1746 -196.98 -243.27
1747 -214.98 -243.27
1748 -214.98 -212.09
1749 -232.98 -212.09
1750 -223.98 -227.68
1751 -232.98 -243.27
1752 -205.98 -258.86
1753 -214.98 -274.44
1754 -205.98 -290.03
1755 -223.98 -290.03
1756 -223.98 -258.86
1757 -241.98 -258.86
1758 -232.98 -274.44
1759 -241.98 -290.03
1760 -205.98 -9.44
1761 -214.98 -25.03
1762 -205.98 -40.62
1763 -223.98 -40.62
1764 -223.98 -9.44
1765 -241.98 -9.44
1766 -232.98 -25.03
1767 -241.98 -40.62
1768 -214.98 -56.21
1769 -223.98 -71.79
1770 -214.98 -87.38
1771 -232.98 -87.38
1772 -232.98 -56.21
1773 -250.98 -56.21
1774 -241.98 -71.79
1775 -250.98 -87.38
1776 -223.98 -102.97
1777 -232.98 -118.56
1778 -223.98 -134.15
1779 -241.98 -134.15
1780 -241.98 -102.97
1781 -259.98 -102.97
1782 -250.98 -118.56
1783 -259.98 -134.15
1784 -232.98 -149.74
1785 -241.98 -165.32
1786 -232.98 -180.91
1787 -250.98 -180.91
1788 -250.98 -149.74
1789 -268.98 -149.74
1790 -259.98 -165.32
1791 -268.98 -180.91
1792 -250.98 6.15
1793 -259.98 -9.44
1794 -250.98 -25.03
1795 -268.98 -25.03
1796 -268.98 6.15
1797 -286.98 6.15
1798 -277.98 -9.44
1799 -286.98 -25.03
1800 -259.98 -40.62
1801 -268.98 -56.21
1802 -259.98 -71.79
1803 -277.98 -71.79
1804 -277.98 -40.62
1805 -295.98 -40.62
1806 -286.98 -56.21
1807 -295.98 -71.79
1808 -241.98 -196.5
1809 -250.98 -212.09
1810 -241.98 -227.68
1811 -259.98 -227.68
1812 -259.98 -196.5
1813 -277.98 -196.5
1814 -268.98 -212.09
1815 -277.98 -227.68
1816 -250.98 -243.27
1817 -259.98 -258.86
1818 -250.98 -274.44
1819 -268.98 -274.44
1820 -268.98 -243.27
1821 -286.98 -243.27
1822 -277.98 -258.86
1823 -286.98 -274.44
1824 -268.98 -87.38
1825 -277.98 -102.97
1826 -268.98 -118.56
1827 -286.98 -118.56
1828 -286.98 -87.38
1829 -304.98 -87.38
1830 -295.98 -102.97
1831 -304.98 -118.56
1832 -277.98 -134.15
1833 -286.98 -149.74
1834 -277.98 -165.32
1835 -295.98 -165.32
1836 -295.98 -134.15
1837 -313.98 -134.15
1838 -304.98 -149.74
1839 -313.98 -165.32
1840 -286.98 -180.91
1841 -295.98 -196.5
1842 -286.98 -212.09
1843 -304.98 -212.09
1844 -304.98 -180.91
1845 -322.98 -180.91
1846 -313.98 -196.5
1847 -322.98 -212.09
1848 -295.98 -227.68
1849 -304.98 -243.27
1850 -295.98 -258.86
1851 -313.98 -258.86
1852 -313.98 -227.68
1853 -331.98 -227.68
1854 -322.98 -243.27
1855 -331.98 -258.86
1856 -295.98 21.74
1857 -304.98 6.15
1858 -295.98 -9.44
1859 -313.98 -9.44
1860 -313.98 21.74
1861 -331.98 21.74
1862 -322.98 6.15
1863 -331.98 -9.44
1864 -304.98 -25.03
1865 -313.98 -40.62
1866 -304.98 -56.21
1867 -322.98 -56.21
1868 -322.98 -25.03
1869 -340.98 -25.03
1870 -331.98 -40.62
1871 -340.98 -56.21
1872 -313.98 -71.79
1873 -322.98 -87.38
1874 -313.98 -102.97
1875 -331.98 -102.97
1876 -331.98 -71.79
1877 -349.98 -71.79
1878 -340.98 -87.38
1879 -349.98 -102.97
1880 -322.98 -118.56
1881 -331.98 -134.15
1882 -322.98 -149.74
1883 -340.98 -149.74
1884 -340.98 -118.56
1885 -358.98 -118.56
1886 -349.98 -134.15
1887 -358.98 -149.74
1888 -340.98 37.33
1889 -349.98 21.74
1890 -340.98 6.15
1891 -358.98 6.15
1892 -358.98 37.33
1893 -376.98 37.33
1894 -367.98 21.74
1895 -376.98 6.15
1896 -349.98 -9.44
1897 -358.98 -25.03
1898 -349.98 -40.62
1899 -367.98 -40.62
1900 -367.98 -9.44
1901 -385.98 -9.44
1902 -376.98 -25.03
1903 -385.98 -40.62
1904 -331.98 -165.32
1905 -340.98 -180.91
1906 -331.98 -196.5
1907 -349.98 -196.5
1908 -349.98 -165.32
1909 -367.98 -165.32
1910 -358.98 -180.91
1911 -367.98 -196.5
1912 -340.98 -212.09
1913 -349.98 -227.68
1914 -340.98 -243.27
1915 -358.98 -243.27
1916 -358.98 -212.09
1917 -376.98 -212.09
1918 -367.98 -227.68
1919 -376.98 -243.27
1920 -358.98 -56.21
1921 -367.98 -71.79
1922 -358.98 -87.38
1923 -376.98 -87.38
1924 -376.98 -56.21
1925 -394.98 -56.21
1926 -385.98 -71.79
1927 -394.98 -87.38
1928 -367.98 -102.97
1929 -376.98 -118.56
1930 -367.98 -134.15
1931 -385.98 -134.15
1932 -385.98 -102.97
1933 -403.98 -102.97
1934 -394.98 -118.56
1935 -403.98 -134.15
1936 -376.98 -149.74
1937 -385.98 -165.32
1938 -376.98 -180.91
1939 -394.98 -180.91
1940 -394.98 -149.74
1941 -412.98 -149.74
1942 -403.98 -165.32
1943 -412.98 -180.91
1944 -385.98 -196.5
1945 -394.98 -212.09
1946 -385.98 -227.68
1947 -403.98 -227.68
1948 -403.98 -196.5
1949 -421.98 -196.5
1950 -412.98 -212.09
1951 -421.98 -227.68
1952 -385.98 52.91
1953 -394.98 37.33
1954 -385.98 21.74
1955 -403.98 21.74
1956 -403.98 52.91
1957 -421.98 52.91
1958 -412.98 37.33
1959 -421.98 21.74
1960 -394.98 6.15
1961 -403.98 -9.44
1962 -394.98 -25.03
1963 -412.98 -25.03
1964 -412.98 6.15
1965 -430.98 6.15
1966 -421.98 -9.44
1967 -430.98 -25.03
1968 -403.98 -40.62
1969 -412.98 -56.21
1970 -403.98 -71.79
1971 -421.98 -71.79
1972 -421.98 -40.62
1973 -439.98 -40.62
1974 -430.98 -56.21
1975 -439.98 -71.79
1976 -412.98 -87.38
1977 -421.98 -102.97
1978 -412.98 -118.56
1979 -430.98 -118.56
1980 -430.98 -87.38
1981 -448.98 -87.38
1982 -439.98 -102.97
1983 -448.98 -118.56
1984 -430.98 68.5
1985 -439.98 52.91
1986 -430.98 37.33
1987 -448.98 37.33
1988 -448.98 68.5
1989 -466.98 68.5
1990 -457.98 52.91
1991 -466.98 37.33
1992 -439.98 21.74
1993 -448.98 6.15
1994 -439.98 -9.44
1995 -457.98 -9.44
1996 -457.98 21.74
1997 -475.98 21.74
1998 -466.98 6.15
1999 -475.98 -9.44
2000 -448.98 -25.03
2001 -457.98 -40.62
2002 -448.98 -56.21
2003 -466.98 -56.21
2004 -466.98 -25.03
2005 -484.98 -25.03
2006 -475.98 -40.62
2007 -484.98 -56.21
2008 -421.98 -134.15
2009 -430.98 -149.74
2010 -421.98 -165.32
2011 -439.98 -165.32
2012 -439.98 -134.15
2013 -457.98 -134.15
2014 -448.98 -149.74
2015 -457.98 -165.32
2016 -457.98 -71.79
2017 -466.98 -87.38
2018 -457.98 -102.97
2019 -475.98 -102.97
2020 -475.98 -71.79
2021 -493.98 -71.79
2022 -484.98 -87.38
2023 -493.98 -102.97
2024 9802.02 9989.56
2025 9802.02 9989.56
2026 9802.02 9989.56
2027 9802.02 9989.56
2028 9802.02 9989.56
2029 9802.02 9989.56
2030 9802.02 9989.56
2031 -79.98 -102.97
2032 9802.02 9989.56
2033 9802.02 9989.56
2034 9802.02 9989.56
2035 9802.02 9989.56
2036 9802.02 9989.56
2037 9802.02 9989.56
2038 9802.02 9989.56
2039 9802.02 9989.56
2040 9802.02 9989.56
2041 9802.02 9989.56
2042 9802.02 9989.56
2043 9802.02 9989.56
2044 9802.02 9989.56
2045 9802.02 9989.56
2046 9802.02 9989.56
2047 9802.02 9989.56
